107
1,H ,1.01,0.37,-0.24,0
2,He,4,0,0,0
3,Li,6.94,0.68,0.9,0
4,Be,9.01,0.35,0.59,0
5,B ,10.81,0.83,0.25,0
6,C ,12.01,0.77,0.3,0
7,N ,14.01,0.75,1.32,0
8,O ,16,0.73,1.26,0
9,F ,19,0.71,1.19,0
10,Ne,20.18,0,0,0
11,Na,22.99,0.97,1.16,0
12,Mg,24.31,1.1,0.86,0
13,Al,26.98,1.35,0.675,0
14,Si,28.09,1.2,0.4,0
15,P ,30.97,1.05,0.31,0
16,S ,32.07,1.02,1.7,0
17,Cl,35.45,0.99,1.67,0
18,Ar,39.95,0,0,0
19,K ,39.1,1.33,1.52,0
20,Ca,40.08,0.99,1.14,0
21,Sc,44.96,1.44,0.885,0
22,Ti,47.88,1.47,0.745,0
23,V ,50.94,1.33,0.68,0
24,Cr,52,1.35,0.755,0
25,Mn,54.94,1.35,0.67,0
26,Fe,55.85,1.34,0.69,0
27,Co,58.93,1.33,0.79,0
28,Ni,58.69,1.5,0.83,0
29,Cu,63.55,1.52,0.87,0
30,Zn,65.39,1.45,0.88,0
31,Ga,69.72,1.22,1.25,0
32,Ge,72.61,1.17,0.67,0
33,As,74.92,1.21,1.25,0
34,Se,78.96,1.22,1.84,0
35,Br,79.9,1.21,1.82,0
36,Kr,83.8,1.89,0,0
37,Rb,85.47,1.47,1.66,0
38,Sr,87.62,1.12,1.32,0
39,Y ,88.91,1.78,1.04,0
40,Zr,91.22,1.56,0.86,0
41,Nb,92.91,1.48,0.78,0
42,Mo,95.94,1.47,0.73,0
43,Tc,98,1.35,0.7,0
44,Ru,101.07,1.4,0.705,0
45,Rh,102.91,1.45,0.69,0
46,Pd,106.42,1.5,0.755,0
47,Ag,107.87,1.59,1.29,0
48,Cd,112.41,1.69,1.09,0
49,In,114.82,1.63,0.94,0
50,Sn,118.71,1.46,0.83,0
51,Sb,121.75,1.46,0.74,0
52,Te,127.6,1.47,2.07,0
53,I ,126.91,1.4,2.06,0
54,Xe,131.29,0,0,0
55,Cs,132.91,1.67,1.81,0
56,Ba,137.33,1.34,1.49,0
57,La,138.91,1.87,1.172,0
58,Ce,140.12,1.83,1.01,0
59,Pr,140.91,1.82,1.13,0
60,Nd,144.24,1.81,1.123,0
61,Pm,145,1.8,1.11,0
62,Sm,150.36,1.8,1.098,0
63,Eu,151.97,1.99,1.087,0
64,Gd,157.25,1.79,1.078,0
65,Tb,158.93,1.76,1.063,0
66,Dy,162.5,1.75,1.052,0
67,Ho,164.93,1.74,1.041,0
68,Er,167.26,1.73,1.03,0
69,Tm,168.93,1.72,1.02,0
70,Yb,173.04,1.94,1.008,0
71,Lu,174.97,1.72,1.001,0
72,Hf,178.49,1.57,0.85,0
73,Ta,180.95,1.43,0.78,0
74,W ,183.85,1.37,0.65,0
75,Re,186.21,1.35,0.67,0
76,Os,190.2,1.37,0.53,0
77,Ir,192.22,1.32,0.71,0
78,Pt,195.08,1.5,0.71,0
79,Au,196.97,1.5,0.71,0
80,Hg,200.59,1.7,1.16,0
81,Tl,204.38,1.55,1.025,0
82,Pb,207.2,1.54,1.33,0
83,Bi,208.98,1.54,1.17,0
84,Po,209,1.68,0.81,0
85,At,210,0,0.76,0
86,Rn,222,0,0,0
87,Fr,223,0,1.94,0
88,Ra,226.03,1.9,1.62,0
89,Ac,227.03,1.88,1.26,0
90,Th,232.04,1.79,0,0
91,Pa,231.04,1.61,0.92,0
92,U ,238.03,1.58,1.03,0
93,Np,237.05,1.55,0.85,0
94,Pu,244,1.53,0.85,0
95,Am,243,1.51,1.35,0
96,Cm,247,0,0.99,0
97,Bk,247,0,0.97,0
98,Cf,251,0,0.961,0
99,Es,252,0,0,0
100,Fm,257,0,0,0
101,Md,258,0,0,0
102,No,259,0,1.24,0
103,Lr,260,0,0,0
104,Rf,261,0,0,0
105,Ha,260,0,0,0
106,D ,2.01,0.37,-0.24,0
107,X ,0,0,0,0